,gttaatta,ctgcagcg,aacctcg,acagcta,ggaaccgt,tcccgaa,gtaatta,ataagatg,acgaaaac,attactat
chr1,0,0,0,0,0,0,0,0,0,1
chr2,0,0,0,0,0,0,1,0,0,0
chr3,0,0,0,1,0,0,1,0,0,0
chr4,0,0,0,0,0,0,1,0,0,0
chr5,0,0,0,0,0,0,0,0,0,0
chr6,0,0,0,0,0,0,0,0,0,0
chr7,0,0,0,0,0,0,1,0,0,0
chr8,0,0,0,0,0,0,0,0,0,0
chr9,0,0,0,0,0,0,0,0,0,0
chr10,0,0,0,0,0,0,0,0,0,0
chr11,0,0,0,0,0,0,0,0,1,0
chr12,0,0,0,0,0,0,0,0,0,0
chr13,0,0,0,1,0,0,0,0,0,0
chr14,0,0,0,0,0,0,0,0,0,0
chr15,0,0,1,0,0,0,0,0,0,0
chr16,0,0,1,0,0,0,0,0,0,0
chr17,0,0,0,1,0,0,0,0,0,0
chr18,0,0,1,0,0,0,0,0,0,0
chr19,0,0,1,0,0,0,0,0,0,0
chr20,0,0,0,0,0,0,0,0,0,0
chr21,0,0,0,0,0,0,0,0,0,0
chr22,0,0,0,0,0,0,0,0,0,0
chr23,0,0,0,0,1,0,0,0,0,0
chr24,0,0,0,0,0,0,0,0,0,0
chr25,0,0,0,0,0,0,0,0,0,0
chr26,0,0,0,0,0,0,0,0,0,0
chr27,0,0,0,0,0,0,0,0,0,0
chr28,0,0,0,0,0,0,0,0,0,0
chr29,0,0,0,0,0,0,0,0,0,0
chr30,0,0,0,0,0,0,0,0,0,0
chr31,0,0,0,0,0,0,0,0,0,0
chr32,0,0,0,1,0,0,0,0,0,0
chr33,0,0,0,0,0,0,0,0,0,0
chr34,0,0,0,0,0,0,0,0,0,0
chr35,0,0,0,0,0,0,0,0,0,0
chr36,0,0,1,0,0,0,0,0,0,0
chr37,0,0,0,0,0,0,0,0,0,0
chr38,0,0,0,2,0,0,0,0,0,0
chr39,0,0,0,0,0,0,0,0,0,0
chr40,0,0,0,0,0,0,0,0,0,0
chr41,0,0,0,0,0,0,0,0,0,0
chr42,0,0,0,0,0,0,0,0,0,0
chr43,0,0,0,1,0,0,0,0,0,0
chr44,0,0,0,0,0,0,0,0,0,0
chr45,0,0,0,0,0,0,0,0,0,0
chr46,0,0,0,0,0,0,0,0,0,0
chr47,0,0,0,0,0,0,0,0,0,0
chr48,0,0,1,0,0,0,0,0,0,0
chr49,0,0,0,0,0,0,0,0,0,0
chr50,0,0,0,0,0,0,0,0,0,0
total,0,0,6,7,1,0,4,0,1,1
